Uw[m/s] 	 u[m/s] 	 N[-] 	 Hs[m] 	 Tp[m] 
10.0	8.027	0.00025004	1.718	6.984
11.4	9.151	0.00032947	1.988	7.034
12.0	9.633	0.00037624	2.109	7.064
13.0	10.436	0.00047882	2.317	7.124
14.0	11.238	0.00062502	2.533	7.195
15.0	12.041	0.00083726	2.756	7.277
16.0	12.844	0.00115165	2.986	7.368
17.0	13.647	0.00162740	3.222	7.467
18.0	14.449	0.00236371	3.466	7.575
19.0	15.252	0.00353043	3.716	7.689
20.0	16.055	0.00542490	3.972	7.810
21.0	16.858	0.00857980	4.234	7.937
22.0	17.660	0.01397230	4.503	8.070
23.0	18.463	0.02343915	4.776	8.208
24.0	19.266	0.04052024	5.056	8.352
25.0	20.069	0.07221461	5.341	8.500
